# This file may be used to create an environment using:
# $ conda create --name <env> --file <this file>
# platform: win-64
asgiref=3.11.1=pyhcf101f3_0
bzip2=1.0.8=h0ad9c76_9
ca-certificates=2026.2.25=h4c7d964_0
django=6.0.4=pyhd8ed1ab_0
libexpat=2.7.5=hac47afa_0
libffi=3.5.2=h3d046cb_0
liblzma=5.8.2=hfd05255_0
libsqlite=3.52.0=hf5d6505_0
libzlib=1.3.2=hfd05255_2
openssl=3.6.2=hf411b9b_0
packaging=26.0=pyhcf101f3_0
pip=26.0.1=pyh8b19718_0
python=3.12.13=h0159041_0_cpython
setuptools=82.0.1=pyh332efcf_0
sqlparse=0.5.5=pyhcf101f3_0
tk=8.6.13=h6ed50ae_3
typing_extensions=4.15.0=pyhcf101f3_0
tzdata=2025c=hc9c84f9_1
ucrt=10.0.26100.0=h57928b3_0
vc=14.3=h41ae7f8_34
vc14_runtime=14.44.35208=h818238b_34
vcomp14=14.44.35208=h818238b_34
wheel=0.46.3=pyhd8ed1ab_0
